0.000000 0.000000 0.000000
0.000000 0.000000 0.000000
0.000000 0.000000 0.000000
0.000000 0.000000 0.000000
0.000000 0.000000 0.000000
0.000000 0.000000 0.000000
0.000000 0.000000 0.000000
0.000000 0.000000 0.000000
39.062500 0.000000 0.000000
0.000000 0.000000 0.000000
9.765625 0.000000 0.000000
4.882812 4.882812 0.000000
4.882812 4.882812 0.000000
4.882812 3.662109 1.220703
4.882812 4.272461 0.610352
9.460449 8.544922 0.305176
16.479492 15.716553 0.457764
19.912720 18.920898 0.839233
21.133423 19.378662 1.754761
20.427704 19.454956 0.972748
